[MPL Accel 2g]
b0 = -20054016.000000
b1 = 6029312.000000
b2 = -11223040.000000
k0 = 16384
k1 = 16384
k2 = 16384
r00 = 0.000000
r01 = -1.000000
r02 = 0.000000
r10 = -1.000000
r11 = 0.000000
r12 = 0.000000
r20 = 0.000000
r21 = 0.000000
r22 = -1.000000

[MPL Gyro 2000dps]
b0 = -416808.000000
b1 = -395837.000000
b2 = 715653.000000
k0 = 16.400000
k1 = 16.400000
k2 = 16.400000
r00 = 0.000000
r01 = -1.000000
r02 = 0.000000
r10 = -1.000000
r11 = 0.000000
r12 = 0.000000
r20 = 0.000000
r21 = 0.000000
r22 = -1.000000

[MPL Mag 1.2Ga]
b0 = -8499549.000000
b1 = 8601040.000000
b2 = -11786697.000000
k0 = 341.000000
k1 = 341.000000
k2 = 341.000000
r00 = -1.000000
r01 = 0.000000
r02 = 0.000000
r10 = 0.000000
r11 = -1.000000
r12 = 0.000000
r20 = 0.000000
r21 = 0.000000
r22 = 1.000000
